,100C,101C,102C,103C,10C,11C,12C,13C,14C,15C,16C,17C,18C,19C,1C,202C,203C,204C,205C,206C,207C,208C,20C,210C,211C,212C,213C,214C,215C,216C,217C,218C,219C,21C,220C,221C,222C,223C,224C,225C,226C,227C,228C,229C,22C,230C,231C,232C,233C,234C,235C,236C,237C,238C,239C,23C,240C,241C,242C,243C,244C,245C,246C,247C,248C,249C,24C,250C,251C,252C,253C,254C,255C,256C,257C,258C,259C,25C,260C,261C,262C,263C,264C,265C,266C,267C,268C,269C,26C,270C,271C,272C,273C,274C,275C,276C,278C,279C,27C,280C,281C,282C,283C,284C,285C,286C,287C,288C,289C,28C,290C,291C,292C,293C,294C,295C,296C,297C,298C,299C,29C,2C,300C,301C,302C,303C,304C,30C,31C,32C,33C,34C,35C,36C,37C,38C,3C,40C,41C,42C,43C,44C,45C,46C,47C,48C,49C,4C,50C,51C,52C,53C,54C,55C,56C,57C,58C,59C,5C,60C,61C,62C,63C,64C,65C,66C,67C,68C,69C,6C,70C,71C,72C,73C,74C,75C,76C,77C,78C,79C,7C,80C,81C,82C,83C,84C,85C,86C,87C,88C,89C,8C,90C,91C,92C,93C,94C,95C,96C,97C,98C,99C
100C,0,-0.36,-0.28,-0.24,-0.27,-0.97,0.03,-0.3,-0.73,-0.16,-0.17,-4.56,-0.7,-0.4,-13.71,-43.97,-0.04,-1,-0.23,-0.53,-0.19,-0.19,-1.26,-0.82,-0.53,-0.13,-0.04,-0.6,-0.15,-0.72,-0.71,-0.83,-0.35,-0.37,-0.75,-1.16,-0.33,-0.91,-0.25,-0.16,-0.12,-2.03,-0.34,-0.05,-0.32,-0.57,-0.1,-0.19,-0.4,-0.2,-0.7,-0.57,-3.96,-0.18,-0.06,-0.06,-0.02,-0.07,-2.44,-0.86,-1.51,-2.14,-0.52,-1.99,-12.91,-0.42,-0.82,-0.18,-0.17,-0.03,0.04,-1.12,-0.18,-0.38,-0.38,-0.76,-0.3,-0.13,0.03,-0.16,-1.13,-3.57,0,-0.78,-1.45,-2.13,-0.04,-0.01,-1.03,-1.3,-0.07,-1.82,-0.21,-0.46,0.02,-0.34,-1.31,-0.58,-0.12,-0.47,-0.69,-0.38,-0.37,-0.03,-0.21,-1.18,-3.25,-0.43,-0.24,-0.14,-0.1,-0.23,-10.53,-2.5,-0.49,-0.06,-0.19,-0.82,0.06,-0.77,-0.17,0.02,0,-0.72,-0.39,-0.09,-0.08,-0.43,0,-0.16,-0.22,0,-0.07,0.02,0.01,-0.23,-0.38,-3.3,-0.02,-0.03,-0.02,0.01,-0.08,0.03,-0.1,-0.56,-0.6,-2.09,NA,-0.32,-0.02,-0.07,-0.64,-0.43,-0.26,0.02,-0.83,-1.51,-0.02,-0.25,-0.77,-0.18,-0.03,-5.4,-0.06,-2.16,-0.67,-3.33,-0.19,-0.57,-0.46,-5.4,0.01,-0.57,-0.36,-0.57,-0.56,-1.35,-0.51,-0.11,-0.19,-0.08,0.01,-0.31,-0.08,-0.07,-0.32,-0.24,-0.31,-2,-0.01,-0.19,0.03,0.04,-0.63,-0.94,-1.15,-0.81,-0.46,-0.03,-0.24,0.07
101C,0.36,0,0.08,0.12,0.09,-0.61,0.39,0.06,-0.37,0.2,0.19,-4.2,-0.34,-0.04,-13.35,-43.61,0.32,-0.64,0.13,-0.17,0.17,0.17,-0.9,-0.46,-0.17,0.23,0.32,-0.24,0.21,-0.36,-0.35,-0.47,0.01,-0.00999999999999995,-0.39,-0.8,0.03,-0.55,0.11,0.2,0.24,-1.67,0.02,0.31,0.04,-0.21,0.26,0.17,-0.04,0.16,-0.34,-0.21,-3.6,0.18,0.3,0.3,0.34,0.29,-2.08,-0.5,-1.15,-1.78,-0.16,-1.63,-12.55,-0.06,-0.46,0.18,0.19,0.33,0.4,-0.76,0.18,-0.02,-0.02,-0.4,0.06,0.23,0.39,0.2,-0.77,-3.21,0.36,-0.42,-1.09,-1.77,0.32,0.35,-0.67,-0.94,0.29,-1.46,0.15,-0.1,0.38,0.02,-0.95,-0.22,0.24,-0.11,-0.33,-0.02,-0.00999999999999995,0.33,0.15,-0.82,-2.89,-0.07,0.12,0.22,0.26,0.13,-10.17,-2.14,-0.13,0.3,0.17,-0.46,0.42,-0.41,0.19,0.38,0.36,-0.36,-0.03,0.27,0.28,-0.07,0.36,0.2,0.14,0.36,0.29,0.38,0.37,0.13,-0.02,-2.94,0.34,0.33,0.34,0.37,0.28,0.39,0.26,-0.2,-0.24,-1.73,NA,0.04,0.34,0.29,-0.28,-0.07,0.1,0.38,-0.47,-1.15,0.34,0.11,-0.41,0.18,0.33,-5.04,0.3,-1.8,-0.31,-2.97,0.17,-0.21,-0.1,-5.04,0.37,-0.21,0,-0.21,-0.2,-0.99,-0.15,0.25,0.17,0.28,0.37,0.05,0.28,0.29,0.04,0.12,0.05,-1.64,0.35,0.17,0.39,0.4,-0.27,-0.58,-0.79,-0.45,-0.1,0.33,0.12,0.43
102C,0.28,-0.08,0,0.04,0.01,-0.69,0.31,-0.02,-0.45,0.12,0.11,-4.28,-0.42,-0.12,-13.43,-43.69,0.24,-0.72,0.05,-0.25,0.09,0.09,-0.98,-0.54,-0.25,0.15,0.24,-0.32,0.13,-0.44,-0.43,-0.55,-0.07,-0.09,-0.47,-0.88,-0.05,-0.63,0.03,0.12,0.16,-1.75,-0.06,0.23,-0.04,-0.29,0.18,0.09,-0.12,0.08,-0.42,-0.29,-3.68,0.1,0.22,0.22,0.26,0.21,-2.16,-0.58,-1.23,-1.86,-0.24,-1.71,-12.63,-0.14,-0.54,0.1,0.11,0.25,0.32,-0.84,0.1,-0.1,-0.1,-0.48,-0.02,0.15,0.31,0.12,-0.85,-3.29,0.28,-0.5,-1.17,-1.85,0.24,0.27,-0.75,-1.02,0.21,-1.54,0.07,-0.18,0.3,-0.06,-1.03,-0.3,0.16,-0.19,-0.41,-0.1,-0.09,0.25,0.07,-0.9,-2.97,-0.15,0.04,0.14,0.18,0.05,-10.25,-2.22,-0.21,0.22,0.09,-0.54,0.34,-0.49,0.11,0.3,0.28,-0.44,-0.11,0.19,0.2,-0.15,0.28,0.12,0.06,0.28,0.21,0.3,0.29,0.05,-0.1,-3.02,0.26,0.25,0.26,0.29,0.2,0.31,0.18,-0.28,-0.32,-1.81,NA,-0.04,0.26,0.21,-0.36,-0.15,0.02,0.3,-0.55,-1.23,0.26,0.03,-0.49,0.1,0.25,-5.12,0.22,-1.88,-0.39,-3.05,0.09,-0.29,-0.18,-5.12,0.29,-0.29,-0.08,-0.29,-0.28,-1.07,-0.23,0.17,0.09,0.2,0.29,-0.03,0.2,0.21,-0.04,0.04,-0.03,-1.72,0.27,0.09,0.31,0.32,-0.35,-0.66,-0.87,-0.53,-0.18,0.25,0.04,0.35
103C,0.24,-0.12,-0.04,0,-0.03,-0.73,0.27,-0.06,-0.49,0.08,0.07,-4.32,-0.46,-0.16,-13.47,-43.73,0.2,-0.76,0.01,-0.29,0.05,0.05,-1.02,-0.58,-0.29,0.11,0.2,-0.36,0.09,-0.48,-0.47,-0.59,-0.11,-0.13,-0.51,-0.92,-0.09,-0.67,-0.00999999999999995,0.08,0.12,-1.79,-0.1,0.19,-0.08,-0.33,0.14,0.05,-0.16,0.04,-0.46,-0.33,-3.72,0.06,0.18,0.18,0.22,0.17,-2.2,-0.62,-1.27,-1.9,-0.28,-1.75,-12.67,-0.18,-0.58,0.06,0.07,0.21,0.28,-0.88,0.06,-0.14,-0.14,-0.52,-0.06,0.11,0.27,0.08,-0.89,-3.33,0.24,-0.54,-1.21,-1.89,0.2,0.23,-0.79,-1.06,0.17,-1.58,0.03,-0.22,0.26,-0.1,-1.07,-0.34,0.12,-0.23,-0.45,-0.14,-0.13,0.21,0.03,-0.94,-3.01,-0.19,0,0.1,0.14,0.01,-10.29,-2.26,-0.25,0.18,0.05,-0.58,0.3,-0.53,0.07,0.26,0.24,-0.48,-0.15,0.15,0.16,-0.19,0.24,0.08,0.02,0.24,0.17,0.26,0.25,0.01,-0.14,-3.06,0.22,0.21,0.22,0.25,0.16,0.27,0.14,-0.32,-0.36,-1.85,NA,-0.08,0.22,0.17,-0.4,-0.19,-0.02,0.26,-0.59,-1.27,0.22,-0.00999999999999995,-0.53,0.06,0.21,-5.16,0.18,-1.92,-0.43,-3.09,0.05,-0.33,-0.22,-5.16,0.25,-0.33,-0.12,-0.33,-0.32,-1.11,-0.27,0.13,0.05,0.16,0.25,-0.07,0.16,0.17,-0.08,0,-0.07,-1.76,0.23,0.05,0.27,0.28,-0.39,-0.7,-0.91,-0.57,-0.22,0.21,0,0.31
10C,0.27,-0.09,-0.01,0.03,0,-0.7,0.3,-0.03,-0.46,0.11,0.1,-4.29,-0.43,-0.13,-13.44,-43.7,0.23,-0.73,0.04,-0.26,0.08,0.08,-0.99,-0.55,-0.26,0.14,0.23,-0.33,0.12,-0.45,-0.44,-0.56,-0.08,-0.1,-0.48,-0.89,-0.06,-0.64,0.02,0.11,0.15,-1.76,-0.07,0.22,-0.05,-0.3,0.17,0.08,-0.13,0.07,-0.43,-0.3,-3.69,0.09,0.21,0.21,0.25,0.2,-2.17,-0.59,-1.24,-1.87,-0.25,-1.72,-12.64,-0.15,-0.55,0.09,0.1,0.24,0.31,-0.85,0.09,-0.11,-0.11,-0.49,-0.03,0.14,0.3,0.11,-0.86,-3.3,0.27,-0.51,-1.18,-1.86,0.23,0.26,-0.76,-1.03,0.2,-1.55,0.06,-0.19,0.29,-0.07,-1.04,-0.31,0.15,-0.2,-0.42,-0.11,-0.1,0.24,0.06,-0.91,-2.98,-0.16,0.03,0.13,0.17,0.04,-10.26,-2.23,-0.22,0.21,0.08,-0.55,0.33,-0.5,0.1,0.29,0.27,-0.45,-0.12,0.18,0.19,-0.16,0.27,0.11,0.05,0.27,0.2,0.29,0.28,0.04,-0.11,-3.03,0.25,0.24,0.25,0.28,0.19,0.3,0.17,-0.29,-0.33,-1.82,NA,-0.05,0.25,0.2,-0.37,-0.16,0.01,0.29,-0.56,-1.24,0.25,0.02,-0.5,0.09,0.24,-5.13,0.21,-1.89,-0.4,-3.06,0.08,-0.3,-0.19,-5.13,0.28,-0.3,-0.09,-0.3,-0.29,-1.08,-0.24,0.16,0.08,0.19,0.28,-0.04,0.19,0.2,-0.05,0.03,-0.04,-1.73,0.26,0.08,0.3,0.31,-0.36,-0.67,-0.88,-0.54,-0.19,0.24,0.03,0.34
11C,0.97,0.61,0.69,0.73,0.7,0,1,0.67,0.24,0.81,0.8,-3.59,0.27,0.57,-12.74,-43,0.93,-0.03,0.74,0.44,0.78,0.78,-0.29,0.15,0.44,0.84,0.93,0.37,0.82,0.25,0.26,0.14,0.62,0.6,0.22,-0.19,0.64,0.0600000000000001,0.72,0.81,0.85,-1.06,0.63,0.92,0.65,0.4,0.87,0.78,0.57,0.77,0.27,0.4,-2.99,0.79,0.91,0.91,0.95,0.9,-1.47,0.11,-0.54,-1.17,0.45,-1.02,-11.94,0.55,0.15,0.79,0.8,0.94,1.01,-0.15,0.79,0.59,0.59,0.21,0.67,0.84,1,0.81,-0.16,-2.6,0.97,0.19,-0.48,-1.16,0.93,0.96,-0.0599999999999998,-0.33,0.9,-0.85,0.76,0.51,0.99,0.63,-0.34,0.39,0.85,0.5,0.28,0.59,0.6,0.94,0.76,-0.21,-2.28,0.54,0.73,0.83,0.87,0.74,-9.56,-1.53,0.48,0.91,0.78,0.15,1.03,0.2,0.8,0.99,0.97,0.25,0.58,0.88,0.89,0.54,0.97,0.81,0.75,0.97,0.9,0.99,0.98,0.74,0.59,-2.33,0.95,0.94,0.95,0.98,0.89,1,0.87,0.41,0.37,-1.12,NA,0.65,0.95,0.9,0.33,0.54,0.71,0.99,0.14,-0.54,0.95,0.72,0.2,0.79,0.94,-4.43,0.91,-1.19,0.3,-2.36,0.78,0.4,0.51,-4.43,0.98,0.4,0.61,0.4,0.41,-0.38,0.46,0.86,0.78,0.89,0.98,0.66,0.89,0.9,0.65,0.73,0.66,-1.03,0.96,0.78,1,1.01,0.34,0.03,-0.18,0.16,0.51,0.94,0.73,1.04
12C,-0.03,-0.39,-0.31,-0.27,-0.3,-1,0,-0.33,-0.76,-0.19,-0.2,-4.59,-0.73,-0.43,-13.74,-44,-0.07,-1.03,-0.26,-0.56,-0.22,-0.22,-1.29,-0.85,-0.56,-0.16,-0.07,-0.63,-0.18,-0.75,-0.74,-0.86,-0.38,-0.4,-0.78,-1.19,-0.36,-0.94,-0.28,-0.19,-0.15,-2.06,-0.37,-0.08,-0.35,-0.6,-0.13,-0.22,-0.43,-0.23,-0.73,-0.6,-3.99,-0.21,-0.09,-0.09,-0.05,-0.1,-2.47,-0.89,-1.54,-2.17,-0.55,-2.02,-12.94,-0.45,-0.85,-0.21,-0.2,-0.06,0.01,-1.15,-0.21,-0.41,-0.41,-0.79,-0.33,-0.16,0,-0.19,-1.16,-3.6,-0.03,-0.81,-1.48,-2.16,-0.07,-0.04,-1.06,-1.33,-0.1,-1.85,-0.24,-0.49,-0.01,-0.37,-1.34,-0.61,-0.15,-0.5,-0.72,-0.41,-0.4,-0.06,-0.24,-1.21,-3.28,-0.46,-0.27,-0.17,-0.13,-0.26,-10.56,-2.53,-0.52,-0.09,-0.22,-0.85,0.03,-0.8,-0.2,-0.01,-0.03,-0.75,-0.42,-0.12,-0.11,-0.46,-0.03,-0.19,-0.25,-0.03,-0.1,-0.01,-0.02,-0.26,-0.41,-3.33,-0.05,-0.06,-0.05,-0.02,-0.11,0,-0.13,-0.59,-0.63,-2.12,NA,-0.35,-0.05,-0.1,-0.67,-0.46,-0.29,-0.01,-0.86,-1.54,-0.05,-0.28,-0.8,-0.21,-0.06,-5.43,-0.09,-2.19,-0.7,-3.36,-0.22,-0.6,-0.49,-5.43,-0.02,-0.6,-0.39,-0.6,-0.59,-1.38,-0.54,-0.14,-0.22,-0.11,-0.02,-0.34,-0.11,-0.1,-0.35,-0.27,-0.34,-2.03,-0.04,-0.22,0,0.01,-0.66,-0.97,-1.18,-0.84,-0.49,-0.06,-0.27,0.04
13C,0.3,-0.06,0.02,0.06,0.03,-0.67,0.33,0,-0.43,0.14,0.13,-4.26,-0.4,-0.1,-13.41,-43.67,0.26,-0.7,0.07,-0.23,0.11,0.11,-0.96,-0.52,-0.23,0.17,0.26,-0.3,0.15,-0.42,-0.41,-0.53,-0.05,-0.07,-0.45,-0.86,-0.03,-0.61,0.05,0.14,0.18,-1.73,-0.04,0.25,-0.02,-0.27,0.2,0.11,-0.1,0.1,-0.4,-0.27,-3.66,0.12,0.24,0.24,0.28,0.23,-2.14,-0.56,-1.21,-1.84,-0.22,-1.69,-12.61,-0.12,-0.52,0.12,0.13,0.27,0.34,-0.82,0.12,-0.08,-0.08,-0.46,0,0.17,0.33,0.14,-0.83,-3.27,0.3,-0.48,-1.15,-1.83,0.26,0.29,-0.73,-1,0.23,-1.52,0.09,-0.16,0.32,-0.04,-1.01,-0.28,0.18,-0.17,-0.39,-0.08,-0.07,0.27,0.09,-0.88,-2.95,-0.13,0.06,0.16,0.2,0.07,-10.23,-2.2,-0.19,0.24,0.11,-0.52,0.36,-0.47,0.13,0.32,0.3,-0.42,-0.09,0.21,0.22,-0.13,0.3,0.14,0.08,0.3,0.23,0.32,0.31,0.07,-0.08,-3,0.28,0.27,0.28,0.31,0.22,0.33,0.2,-0.26,-0.3,-1.79,NA,-0.02,0.28,0.23,-0.34,-0.13,0.04,0.32,-0.53,-1.21,0.28,0.05,-0.47,0.12,0.27,-5.1,0.24,-1.86,-0.37,-3.03,0.11,-0.27,-0.16,-5.1,0.31,-0.27,-0.06,-0.27,-0.26,-1.05,-0.21,0.19,0.11,0.22,0.31,-0.00999999999999995,0.22,0.23,-0.02,0.06,-0.00999999999999995,-1.7,0.29,0.11,0.33,0.34,-0.33,-0.64,-0.85,-0.51,-0.16,0.27,0.06,0.37
14C,0.73,0.37,0.45,0.49,0.46,-0.24,0.76,0.43,0,0.57,0.56,-3.83,0.0299999999999999,0.33,-12.98,-43.24,0.69,-0.27,0.5,0.2,0.54,0.54,-0.53,-0.0900000000000001,0.2,0.6,0.69,0.13,0.58,0.01,0.0199999999999999,-0.1,0.38,0.36,-0.02,-0.43,0.4,-0.18,0.48,0.57,0.61,-1.3,0.39,0.68,0.41,0.16,0.63,0.54,0.33,0.53,0.0299999999999999,0.16,-3.23,0.55,0.67,0.67,0.71,0.66,-1.71,-0.13,-0.78,-1.41,0.21,-1.26,-12.18,0.31,-0.0900000000000001,0.55,0.56,0.7,0.77,-0.39,0.55,0.35,0.35,-0.03,0.43,0.6,0.76,0.57,-0.4,-2.84,0.73,-0.05,-0.72,-1.4,0.69,0.72,-0.3,-0.57,0.66,-1.09,0.52,0.27,0.75,0.39,-0.58,0.15,0.61,0.26,0.0399999999999999,0.35,0.36,0.7,0.52,-0.45,-2.52,0.3,0.49,0.59,0.63,0.5,-9.8,-1.77,0.24,0.67,0.54,-0.0900000000000001,0.79,-0.04,0.56,0.75,0.73,0.01,0.34,0.64,0.65,0.3,0.73,0.57,0.51,0.73,0.66,0.75,0.74,0.5,0.35,-2.57,0.71,0.7,0.71,0.74,0.65,0.76,0.63,0.17,0.13,-1.36,NA,0.41,0.71,0.66,0.09,0.3,0.47,0.75,-0.1,-0.78,0.71,0.48,-0.04,0.55,0.7,-4.67,0.67,-1.43,0.0599999999999999,-2.6,0.54,0.16,0.27,-4.67,0.74,0.16,0.37,0.16,0.17,-0.62,0.22,0.62,0.54,0.65,0.74,0.42,0.65,0.66,0.41,0.49,0.42,-1.27,0.72,0.54,0.76,0.77,0.1,-0.21,-0.42,-0.0800000000000001,0.27,0.7,0.49,0.8
15C,0.16,-0.2,-0.12,-0.08,-0.11,-0.81,0.19,-0.14,-0.57,0,-0.01,-4.4,-0.54,-0.24,-13.55,-43.81,0.12,-0.84,-0.07,-0.37,-0.03,-0.03,-1.1,-0.66,-0.37,0.03,0.12,-0.44,0.01,-0.56,-0.55,-0.67,-0.19,-0.21,-0.59,-1,-0.17,-0.75,-0.09,0,0.04,-1.87,-0.18,0.11,-0.16,-0.41,0.06,-0.03,-0.24,-0.04,-0.54,-0.41,-3.8,-0.02,0.1,0.1,0.14,0.09,-2.28,-0.7,-1.35,-1.98,-0.36,-1.83,-12.75,-0.26,-0.66,-0.02,-0.01,0.13,0.2,-0.96,-0.02,-0.22,-0.22,-0.6,-0.14,0.03,0.19,0,-0.97,-3.41,0.16,-0.62,-1.29,-1.97,0.12,0.15,-0.87,-1.14,0.09,-1.66,-0.05,-0.3,0.18,-0.18,-1.15,-0.42,0.04,-0.31,-0.53,-0.22,-0.21,0.13,-0.05,-1.02,-3.09,-0.27,-0.08,0.02,0.06,-0.07,-10.37,-2.34,-0.33,0.1,-0.03,-0.66,0.22,-0.61,-0.01,0.18,0.16,-0.56,-0.23,0.07,0.08,-0.27,0.16,0,-0.06,0.16,0.09,0.18,0.17,-0.07,-0.22,-3.14,0.14,0.13,0.14,0.17,0.08,0.19,0.06,-0.4,-0.44,-1.93,NA,-0.16,0.14,0.09,-0.48,-0.27,-0.1,0.18,-0.67,-1.35,0.14,-0.09,-0.61,-0.02,0.13,-5.24,0.1,-2,-0.51,-3.17,-0.03,-0.41,-0.3,-5.24,0.17,-0.41,-0.2,-0.41,-0.4,-1.19,-0.35,0.05,-0.03,0.08,0.17,-0.15,0.08,0.09,-0.16,-0.08,-0.15,-1.84,0.15,-0.03,0.19,0.2,-0.47,-0.78,-0.99,-0.65,-0.3,0.13,-0.08,0.23
16C,0.17,-0.19,-0.11,-0.07,-0.1,-0.8,0.2,-0.13,-0.56,0.01,0,-4.39,-0.53,-0.23,-13.54,-43.8,0.13,-0.83,-0.06,-0.36,-0.02,-0.02,-1.09,-0.65,-0.36,0.04,0.13,-0.43,0.02,-0.55,-0.54,-0.66,-0.18,-0.2,-0.58,-0.99,-0.16,-0.74,-0.08,0.01,0.05,-1.86,-0.17,0.12,-0.15,-0.4,0.07,-0.02,-0.23,-0.03,-0.53,-0.4,-3.79,-0.01,0.11,0.11,0.15,0.1,-2.27,-0.69,-1.34,-1.97,-0.35,-1.82,-12.74,-0.25,-0.65,-0.01,0,0.14,0.21,-0.95,-0.01,-0.21,-0.21,-0.59,-0.13,0.04,0.2,0.01,-0.96,-3.4,0.17,-0.61,-1.28,-1.96,0.13,0.16,-0.86,-1.13,0.1,-1.65,-0.04,-0.29,0.19,-0.17,-1.14,-0.41,0.05,-0.3,-0.52,-0.21,-0.2,0.14,-0.04,-1.01,-3.08,-0.26,-0.07,0.03,0.07,-0.06,-10.36,-2.33,-0.32,0.11,-0.02,-0.65,0.23,-0.6,0,0.19,0.17,-0.55,-0.22,0.08,0.09,-0.26,0.17,0.01,-0.05,0.17,0.1,0.19,0.18,-0.06,-0.21,-3.13,0.15,0.14,0.15,0.18,0.09,0.2,0.07,-0.39,-0.43,-1.92,NA,-0.15,0.15,0.1,-0.47,-0.26,-0.09,0.19,-0.66,-1.34,0.15,-0.08,-0.6,-0.01,0.14,-5.23,0.11,-1.99,-0.5,-3.16,-0.02,-0.4,-0.29,-5.23,0.18,-0.4,-0.19,-0.4,-0.39,-1.18,-0.34,0.06,-0.02,0.09,0.18,-0.14,0.09,0.1,-0.15,-0.07,-0.14,-1.83,0.16,-0.02,0.2,0.21,-0.46,-0.77,-0.98,-0.64,-0.29,0.14,-0.07,0.24
17C,4.56,4.2,4.28,4.32,4.29,3.59,4.59,4.26,3.83,4.4,4.39,0,3.86,4.16,-9.15,-39.41,4.52,3.56,4.33,4.03,4.37,4.37,3.3,3.74,4.03,4.43,4.52,3.96,4.41,3.84,3.85,3.73,4.21,4.19,3.81,3.4,4.23,3.65,4.31,4.4,4.44,2.53,4.22,4.51,4.24,3.99,4.46,4.37,4.16,4.36,3.86,3.99,0.600000000000001,4.38,4.5,4.5,4.54,4.49,2.12,3.7,3.05,2.42,4.04,2.57,-8.35,4.14,3.74,4.38,4.39,4.53,4.6,3.44,4.38,4.18,4.18,3.8,4.26,4.43,4.59,4.4,3.43,0.99,4.56,3.78,3.11,2.43,4.52,4.55,3.53,3.26,4.49,2.74,4.35,4.1,4.58,4.22,3.25,3.98,4.44,4.09,3.87,4.18,4.19,4.53,4.35,3.38,1.31,4.13,4.32,4.42,4.46,4.33,-5.97,2.06,4.07,4.5,4.37,3.74,4.62,3.79,4.39,4.58,4.56,3.84,4.17,4.47,4.48,4.13,4.56,4.4,4.34,4.56,4.49,4.58,4.57,4.33,4.18,1.26,4.54,4.53,4.54,4.57,4.48,4.59,4.46,4,3.96,2.47,NA,4.24,4.54,4.49,3.92,4.13,4.3,4.58,3.73,3.05,4.54,4.31,3.79,4.38,4.53,-0.84,4.5,2.4,3.89,1.23,4.37,3.99,4.1,-0.84,4.57,3.99,4.2,3.99,4,3.21,4.05,4.45,4.37,4.48,4.57,4.25,4.48,4.49,4.24,4.32,4.25,2.56,4.55,4.37,4.59,4.6,3.93,3.62,3.41,3.75,4.1,4.53,4.32,4.63
18C,0.7,0.34,0.42,0.46,0.43,-0.27,0.73,0.4,-0.0299999999999999,0.54,0.53,-3.86,0,0.3,-13.01,-43.27,0.66,-0.3,0.47,0.17,0.51,0.51,-0.56,-0.12,0.17,0.57,0.66,0.1,0.55,-0.0199999999999999,-0.01,-0.13,0.35,0.33,-0.0499999999999999,-0.46,0.37,-0.21,0.45,0.54,0.58,-1.33,0.36,0.65,0.38,0.13,0.6,0.51,0.3,0.5,0,0.13,-3.26,0.52,0.64,0.64,0.68,0.63,-1.74,-0.16,-0.81,-1.44,0.18,-1.29,-12.21,0.28,-0.12,0.52,0.53,0.67,0.74,-0.42,0.52,0.32,0.32,-0.0599999999999999,0.4,0.57,0.73,0.54,-0.43,-2.87,0.7,-0.08,-0.75,-1.43,0.66,0.69,-0.33,-0.6,0.63,-1.12,0.49,0.24,0.72,0.36,-0.61,0.12,0.58,0.23,0.01,0.32,0.33,0.67,0.49,-0.48,-2.55,0.27,0.46,0.56,0.6,0.47,-9.83,-1.8,0.21,0.64,0.51,-0.12,0.76,-0.07,0.53,0.72,0.7,-0.0199999999999999,0.31,0.61,0.62,0.27,0.7,0.54,0.48,0.7,0.63,0.72,0.71,0.47,0.32,-2.6,0.68,0.67,0.68,0.71,0.62,0.73,0.6,0.14,0.1,-1.39,NA,0.38,0.68,0.63,0.0600000000000001,0.27,0.44,0.72,-0.13,-0.81,0.68,0.45,-0.07,0.52,0.67,-4.7,0.64,-1.46,0.03,-2.63,0.51,0.13,0.24,-4.7,0.71,0.13,0.34,0.13,0.14,-0.65,0.19,0.59,0.51,0.62,0.71,0.39,0.62,0.63,0.38,0.46,0.39,-1.3,0.69,0.51,0.73,0.74,0.0700000000000001,-0.24,-0.45,-0.11,0.24,0.67,0.46,0.77
19C,0.4,0.04,0.12,0.16,0.13,-0.57,0.43,0.1,-0.33,0.24,0.23,-4.16,-0.3,0,-13.31,-43.57,0.36,-0.6,0.17,-0.13,0.21,0.21,-0.86,-0.42,-0.13,0.27,0.36,-0.2,0.25,-0.32,-0.31,-0.43,0.05,0.03,-0.35,-0.76,0.07,-0.51,0.15,0.24,0.28,-1.63,0.06,0.35,0.08,-0.17,0.3,0.21,0,0.2,-0.3,-0.17,-3.56,0.22,0.34,0.34,0.38,0.33,-2.04,-0.46,-1.11,-1.74,-0.12,-1.59,-12.51,-0.02,-0.42,0.22,0.23,0.37,0.44,-0.72,0.22,0.02,0.02,-0.36,0.1,0.27,0.43,0.24,-0.73,-3.17,0.4,-0.38,-1.05,-1.73,0.36,0.39,-0.63,-0.9,0.33,-1.42,0.19,-0.0600000000000001,0.42,0.06,-0.91,-0.18,0.28,-0.07,-0.29,0.02,0.03,0.37,0.19,-0.78,-2.85,-0.03,0.16,0.26,0.3,0.17,-10.13,-2.1,-0.09,0.34,0.21,-0.42,0.46,-0.37,0.23,0.42,0.4,-0.32,0.01,0.31,0.32,-0.03,0.4,0.24,0.18,0.4,0.33,0.42,0.41,0.17,0.02,-2.9,0.38,0.37,0.38,0.41,0.32,0.43,0.3,-0.16,-0.2,-1.69,NA,0.08,0.38,0.33,-0.24,-0.03,0.14,0.42,-0.43,-1.11,0.38,0.15,-0.37,0.22,0.37,-5,0.34,-1.76,-0.27,-2.93,0.21,-0.17,-0.0600000000000001,-5,0.41,-0.17,0.04,-0.17,-0.16,-0.95,-0.11,0.29,0.21,0.32,0.41,0.09,0.32,0.33,0.08,0.16,0.09,-1.6,0.39,0.21,0.43,0.44,-0.23,-0.54,-0.75,-0.41,-0.0600000000000001,0.37,0.16,0.47
1C,13.71,13.35,13.43,13.47,13.44,12.74,13.74,13.41,12.98,13.55,13.54,9.15,13.01,13.31,0,-30.26,13.67,12.71,13.48,13.18,13.52,13.52,12.45,12.89,13.18,13.58,13.67,13.11,13.56,12.99,13,12.88,13.36,13.34,12.96,12.55,13.38,12.8,13.46,13.55,13.59,11.68,13.37,13.66,13.39,13.14,13.61,13.52,13.31,13.51,13.01,13.14,9.75,13.53,13.65,13.65,13.69,13.64,11.27,12.85,12.2,11.57,13.19,11.72,0.800000000000001,13.29,12.89,13.53,13.54,13.68,13.75,12.59,13.53,13.33,13.33,12.95,13.41,13.58,13.74,13.55,12.58,10.14,13.71,12.93,12.26,11.58,13.67,13.7,12.68,12.41,13.64,11.89,13.5,13.25,13.73,13.37,12.4,13.13,13.59,13.24,13.02,13.33,13.34,13.68,13.5,12.53,10.46,13.28,13.47,13.57,13.61,13.48,3.18,11.21,13.22,13.65,13.52,12.89,13.77,12.94,13.54,13.73,13.71,12.99,13.32,13.62,13.63,13.28,13.71,13.55,13.49,13.71,13.64,13.73,13.72,13.48,13.33,10.41,13.69,13.68,13.69,13.72,13.63,13.74,13.61,13.15,13.11,11.62,NA,13.39,13.69,13.64,13.07,13.28,13.45,13.73,12.88,12.2,13.69,13.46,12.94,13.53,13.68,8.31,13.65,11.55,13.04,10.38,13.52,13.14,13.25,8.31,13.72,13.14,13.35,13.14,13.15,12.36,13.2,13.6,13.52,13.63,13.72,13.4,13.63,13.64,13.39,13.47,13.4,11.71,13.7,13.52,13.74,13.75,13.08,12.77,12.56,12.9,13.25,13.68,13.47,13.78
202C,43.97,43.61,43.69,43.73,43.7,43,44,43.67,43.24,43.81,43.8,39.41,43.27,43.57,30.26,0,43.93,42.97,43.74,43.44,43.78,43.78,42.71,43.15,43.44,43.84,43.93,43.37,43.82,43.25,43.26,43.14,43.62,43.6,43.22,42.81,43.64,43.06,43.72,43.81,43.85,41.94,43.63,43.92,43.65,43.4,43.87,43.78,43.57,43.77,43.27,43.4,40.01,43.79,43.91,43.91,43.95,43.9,41.53,43.11,42.46,41.83,43.45,41.98,31.06,43.55,43.15,43.79,43.8,43.94,44.01,42.85,43.79,43.59,43.59,43.21,43.67,43.84,44,43.81,42.84,40.4,43.97,43.19,42.52,41.84,43.93,43.96,42.94,42.67,43.9,42.15,43.76,43.51,43.99,43.63,42.66,43.39,43.85,43.5,43.28,43.59,43.6,43.94,43.76,42.79,40.72,43.54,43.73,43.83,43.87,43.74,33.44,41.47,43.48,43.91,43.78,43.15,44.03,43.2,43.8,43.99,43.97,43.25,43.58,43.88,43.89,43.54,43.97,43.81,43.75,43.97,43.9,43.99,43.98,43.74,43.59,40.67,43.95,43.94,43.95,43.98,43.89,44,43.87,43.41,43.37,41.88,NA,43.65,43.95,43.9,43.33,43.54,43.71,43.99,43.14,42.46,43.95,43.72,43.2,43.79,43.94,38.57,43.91,41.81,43.3,40.64,43.78,43.4,43.51,38.57,43.98,43.4,43.61,43.4,43.41,42.62,43.46,43.86,43.78,43.89,43.98,43.66,43.89,43.9,43.65,43.73,43.66,41.97,43.96,43.78,44,44.01,43.34,43.03,42.82,43.16,43.51,43.94,43.73,44.04
203C,0.04,-0.32,-0.24,-0.2,-0.23,-0.93,0.07,-0.26,-0.69,-0.12,-0.13,-4.52,-0.66,-0.36,-13.67,-43.93,0,-0.96,-0.19,-0.49,-0.15,-0.15,-1.22,-0.78,-0.49,-0.09,0,-0.56,-0.11,-0.68,-0.67,-0.79,-0.31,-0.33,-0.71,-1.12,-0.29,-0.87,-0.21,-0.12,-0.08,-1.99,-0.3,-0.00999999999999998,-0.28,-0.53,-0.06,-0.15,-0.36,-0.16,-0.66,-0.53,-3.92,-0.14,-0.02,-0.02,0.02,-0.03,-2.4,-0.82,-1.47,-2.1,-0.48,-1.95,-12.87,-0.38,-0.78,-0.14,-0.13,0.01,0.08,-1.08,-0.14,-0.34,-0.34,-0.72,-0.26,-0.09,0.07,-0.12,-1.09,-3.53,0.04,-0.74,-1.41,-2.09,0,0.03,-0.99,-1.26,-0.03,-1.78,-0.17,-0.42,0.06,-0.3,-1.27,-0.54,-0.08,-0.43,-0.65,-0.34,-0.33,0.01,-0.17,-1.14,-3.21,-0.39,-0.2,-0.1,-0.06,-0.19,-10.49,-2.46,-0.45,-0.02,-0.15,-0.78,0.1,-0.73,-0.13,0.06,0.04,-0.68,-0.35,-0.05,-0.04,-0.39,0.04,-0.12,-0.18,0.04,-0.03,0.06,0.05,-0.19,-0.34,-3.26,0.02,0.01,0.02,0.05,-0.04,0.07,-0.06,-0.52,-0.56,-2.05,NA,-0.28,0.02,-0.03,-0.6,-0.39,-0.22,0.06,-0.79,-1.47,0.02,-0.21,-0.73,-0.14,0.01,-5.36,-0.02,-2.12,-0.63,-3.29,-0.15,-0.53,-0.42,-5.36,0.05,-0.53,-0.32,-0.53,-0.52,-1.31,-0.47,-0.07,-0.15,-0.04,0.05,-0.27,-0.04,-0.03,-0.28,-0.2,-0.27,-1.96,0.03,-0.15,0.07,0.08,-0.59,-0.9,-1.11,-0.77,-0.42,0.01,-0.2,0.11
204C,1,0.64,0.72,0.76,0.73,0.03,1.03,0.7,0.27,0.84,0.83,-3.56,0.3,0.6,-12.71,-42.97,0.96,0,0.77,0.47,0.81,0.81,-0.26,0.18,0.47,0.87,0.96,0.4,0.85,0.28,0.29,0.17,0.65,0.63,0.25,-0.16,0.67,0.0900000000000001,0.75,0.84,0.88,-1.03,0.66,0.95,0.68,0.43,0.9,0.81,0.6,0.8,0.3,0.43,-2.96,0.82,0.94,0.94,0.98,0.93,-1.44,0.14,-0.51,-1.14,0.48,-0.99,-11.91,0.58,0.18,0.82,0.83,0.97,1.04,-0.12,0.82,0.62,0.62,0.24,0.7,0.87,1.03,0.84,-0.13,-2.57,1,0.22,-0.45,-1.13,0.96,0.99,-0.0299999999999998,-0.3,0.93,-0.82,0.79,0.54,1.02,0.66,-0.31,0.42,0.88,0.53,0.31,0.62,0.63,0.97,0.79,-0.18,-2.25,0.57,0.76,0.86,0.9,0.77,-9.53,-1.5,0.51,0.94,0.81,0.18,1.06,0.23,0.83,1.02,1,0.28,0.61,0.91,0.92,0.57,1,0.84,0.78,1,0.93,1.02,1.01,0.77,0.62,-2.3,0.98,0.97,0.98,1.01,0.92,1.03,0.9,0.44,0.4,-1.09,NA,0.68,0.98,0.93,0.36,0.57,0.74,1.02,0.17,-0.51,0.98,0.75,0.23,0.82,0.97,-4.4,0.94,-1.16,0.33,-2.33,0.81,0.43,0.54,-4.4,1.01,0.43,0.64,0.43,0.44,-0.35,0.49,0.89,0.81,0.92,1.01,0.69,0.92,0.93,0.68,0.76,0.69,-1,0.99,0.81,1.03,1.04,0.37,0.0600000000000001,-0.15,0.19,0.54,0.97,0.76,1.07
205C,0.23,-0.13,-0.05,-0.01,-0.04,-0.74,0.26,-0.07,-0.5,0.07,0.06,-4.33,-0.47,-0.17,-13.48,-43.74,0.19,-0.77,0,-0.3,0.04,0.04,-1.03,-0.59,-0.3,0.1,0.19,-0.37,0.08,-0.49,-0.48,-0.6,-0.12,-0.14,-0.52,-0.93,-0.1,-0.68,-0.02,0.07,0.11,-1.8,-0.11,0.18,-0.09,-0.34,0.13,0.04,-0.17,0.03,-0.47,-0.34,-3.73,0.05,0.17,0.17,0.21,0.16,-2.21,-0.63,-1.28,-1.91,-0.29,-1.76,-12.68,-0.19,-0.59,0.05,0.06,0.2,0.27,-0.89,0.05,-0.15,-0.15,-0.53,-0.07,0.1,0.26,0.07,-0.9,-3.34,0.23,-0.55,-1.22,-1.9,0.19,0.22,-0.8,-1.07,0.16,-1.59,0.02,-0.23,0.25,-0.11,-1.08,-0.35,0.11,-0.24,-0.46,-0.15,-0.14,0.2,0.02,-0.95,-3.02,-0.2,-0.01,0.09,0.13,0,-10.3,-2.27,-0.26,0.17,0.04,-0.59,0.29,-0.54,0.06,0.25,0.23,-0.49,-0.16,0.14,0.15,-0.2,0.23,0.07,0.01,0.23,0.16,0.25,0.24,0,-0.15,-3.07,0.21,0.2,0.21,0.24,0.15,0.26,0.13,-0.33,-0.37,-1.86,NA,-0.09,0.21,0.16,-0.41,-0.2,-0.03,0.25,-0.6,-1.28,0.21,-0.02,-0.54,0.05,0.2,-5.17,0.17,-1.93,-0.44,-3.1,0.04,-0.34,-0.23,-5.17,0.24,-0.34,-0.13,-0.34,-0.33,-1.12,-0.28,0.12,0.04,0.15,0.24,-0.08,0.15,0.16,-0.09,-0.01,-0.08,-1.77,0.22,0.04,0.26,0.27,-0.4,-0.71,-0.92,-0.58,-0.23,0.2,-0.01,0.3
206C,0.53,0.17,0.25,0.29,0.26,-0.44,0.56,0.23,-0.2,0.37,0.36,-4.03,-0.17,0.13,-13.18,-43.44,0.49,-0.47,0.3,0,0.34,0.34,-0.73,-0.29,0,0.4,0.49,-0.07,0.38,-0.19,-0.18,-0.3,0.18,0.16,-0.22,-0.63,0.2,-0.38,0.28,0.37,0.41,-1.5,0.19,0.48,0.21,-0.04,0.43,0.34,0.13,0.33,-0.17,-0.04,-3.43,0.35,0.47,0.47,0.51,0.46,-1.91,-0.33,-0.98,-1.61,0.01,-1.46,-12.38,0.11,-0.29,0.35,0.36,0.5,0.57,-0.59,0.35,0.15,0.15,-0.23,0.23,0.4,0.56,0.37,-0.6,-3.04,0.53,-0.25,-0.92,-1.6,0.49,0.52,-0.5,-0.77,0.46,-1.29,0.32,0.07,0.55,0.19,-0.78,-0.05,0.41,0.0600000000000001,-0.16,0.15,0.16,0.5,0.32,-0.65,-2.72,0.1,0.29,0.39,0.43,0.3,-10,-1.97,0.04,0.47,0.34,-0.29,0.59,-0.24,0.36,0.55,0.53,-0.19,0.14,0.44,0.45,0.1,0.53,0.37,0.31,0.53,0.46,0.55,0.54,0.3,0.15,-2.77,0.51,0.5,0.51,0.54,0.45,0.56,0.43,-0.03,-0.07,-1.56,NA,0.21,0.51,0.46,-0.11,0.1,0.27,0.55,-0.3,-0.98,0.51,0.28,-0.24,0.35,0.5,-4.87,0.47,-1.63,-0.14,-2.8,0.34,-0.04,0.07,-4.87,0.54,-0.04,0.17,-0.04,-0.03,-0.82,0.02,0.42,0.34,0.45,0.54,0.22,0.45,0.46,0.21,0.29,0.22,-1.47,0.52,0.34,0.56,0.57,-0.1,-0.41,-0.62,-0.28,0.07,0.5,0.29,0.6
207C,0.19,-0.17,-0.09,-0.05,-0.08,-0.78,0.22,-0.11,-0.54,0.03,0.02,-4.37,-0.51,-0.21,-13.52,-43.78,0.15,-0.81,-0.04,-0.34,0,0,-1.07,-0.63,-0.34,0.06,0.15,-0.41,0.04,-0.53,-0.52,-0.64,-0.16,-0.18,-0.56,-0.97,-0.14,-0.72,-0.06,0.03,0.07,-1.84,-0.15,0.14,-0.13,-0.38,0.09,0,-0.21,-0.01,-0.51,-0.38,-3.77,0.00999999999999995,0.13,0.13,0.17,0.12,-2.25,-0.67,-1.32,-1.95,-0.33,-1.8,-12.72,-0.23,-0.63,0.00999999999999995,0.02,0.16,0.23,-0.93,0.00999999999999995,-0.19,-0.19,-0.57,-0.11,0.06,0.22,0.03,-0.94,-3.38,0.19,-0.59,-1.26,-1.94,0.15,0.18,-0.84,-1.11,0.12,-1.63,-0.02,-0.27,0.21,-0.15,-1.12,-0.39,0.07,-0.28,-0.5,-0.19,-0.18,0.16,-0.02,-0.99,-3.06,-0.24,-0.05,0.05,0.09,-0.04,-10.34,-2.31,-0.3,0.13,0,-0.63,0.25,-0.58,0.02,0.21,0.19,-0.53,-0.2,0.1,0.11,-0.24,0.19,0.03,-0.03,0.19,0.12,0.21,0.2,-0.04,-0.19,-3.11,0.17,0.16,0.17,0.2,0.11,0.22,0.09,-0.37,-0.41,-1.9,NA,-0.13,0.17,0.12,-0.45,-0.24,-0.07,0.21,-0.64,-1.32,0.17,-0.06,-0.58,0.00999999999999995,0.16,-5.21,0.13,-1.97,-0.48,-3.14,0,-0.38,-0.27,-5.21,0.2,-0.38,-0.17,-0.38,-0.37,-1.16,-0.32,0.08,0,0.11,0.2,-0.12,0.11,0.12,-0.13,-0.05,-0.12,-1.81,0.18,0,0.22,0.23,-0.44,-0.75,-0.96,-0.62,-0.27,0.16,-0.05,0.26
208C,0.19,-0.17,-0.09,-0.05,-0.08,-0.78,0.22,-0.11,-0.54,0.03,0.02,-4.37,-0.51,-0.21,-13.52,-43.78,0.15,-0.81,-0.04,-0.34,0,0,-1.07,-0.63,-0.34,0.06,0.15,-0.41,0.04,-0.53,-0.52,-0.64,-0.16,-0.18,-0.56,-0.97,-0.14,-0.72,-0.06,0.03,0.07,-1.84,-0.15,0.14,-0.13,-0.38,0.09,0,-0.21,-0.01,-0.51,-0.38,-3.77,0.00999999999999995,0.13,0.13,0.17,0.12,-2.25,-0.67,-1.32,-1.95,-0.33,-1.8,-12.72,-0.23,-0.63,0.00999999999999995,0.02,0.16,0.23,-0.93,0.00999999999999995,-0.19,-0.19,-0.57,-0.11,0.06,0.22,0.03,-0.94,-3.38,0.19,-0.59,-1.26,-1.94,0.15,0.18,-0.84,-1.11,0.12,-1.63,-0.02,-0.27,0.21,-0.15,-1.12,-0.39,0.07,-0.28,-0.5,-0.19,-0.18,0.16,-0.02,-0.99,-3.06,-0.24,-0.05,0.05,0.09,-0.04,-10.34,-2.31,-0.3,0.13,0,-0.63,0.25,-0.58,0.02,0.21,0.19,-0.53,-0.2,0.1,0.11,-0.24,0.19,0.03,-0.03,0.19,0.12,0.21,0.2,-0.04,-0.19,-3.11,0.17,0.16,0.17,0.2,0.11,0.22,0.09,-0.37,-0.41,-1.9,NA,-0.13,0.17,0.12,-0.45,-0.24,-0.07,0.21,-0.64,-1.32,0.17,-0.06,-0.58,0.00999999999999995,0.16,-5.21,0.13,-1.97,-0.48,-3.14,0,-0.38,-0.27,-5.21,0.2,-0.38,-0.17,-0.38,-0.37,-1.16,-0.32,0.08,0,0.11,0.2,-0.12,0.11,0.12,-0.13,-0.05,-0.12,-1.81,0.18,0,0.22,0.23,-0.44,-0.75,-0.96,-0.62,-0.27,0.16,-0.05,0.26
20C,1.26,0.9,0.98,1.02,0.99,0.29,1.29,0.96,0.53,1.1,1.09,-3.3,0.56,0.86,-12.45,-42.71,1.22,0.26,1.03,0.73,1.07,1.07,0,0.44,0.73,1.13,1.22,0.66,1.11,0.54,0.55,0.43,0.91,0.89,0.51,0.1,0.93,0.35,1.01,1.1,1.14,-0.77,0.92,1.21,0.94,0.69,1.16,1.07,0.86,1.06,0.56,0.69,-2.7,1.08,1.2,1.2,1.24,1.19,-1.18,0.4,-0.25,-0.88,0.74,-0.73,-11.65,0.84,0.44,1.08,1.09,1.23,1.3,0.14,1.08,0.88,0.88,0.5,0.96,1.13,1.29,1.1,0.13,-2.31,1.26,0.48,-0.19,-0.87,1.22,1.25,0.23,-0.0399999999999998,1.19,-0.56,1.05,0.8,1.28,0.92,-0.0499999999999998,0.68,1.14,0.79,0.57,0.88,0.89,1.23,1.05,0.0800000000000001,-1.99,0.83,1.02,1.12,1.16,1.03,-9.27,-1.24,0.77,1.2,1.07,0.44,1.32,0.49,1.09,1.28,1.26,0.54,0.87,1.17,1.18,0.83,1.26,1.1,1.04,1.26,1.19,1.28,1.27,1.03,0.88,-2.04,1.24,1.23,1.24,1.27,1.18,1.29,1.16,0.7,0.66,-0.83,NA,0.94,1.24,1.19,0.62,0.83,1,1.28,0.43,-0.25,1.24,1.01,0.49,1.08,1.23,-4.14,1.2,-0.9,0.59,-2.07,1.07,0.69,0.8,-4.14,1.27,0.69,0.9,0.69,0.7,-0.0899999999999999,0.75,1.15,1.07,1.18,1.27,0.95,1.18,1.19,0.94,1.02,0.95,-0.74,1.25,1.07,1.29,1.3,0.63,0.32,0.11,0.45,0.8,1.23,1.02,1.33
210C,0.82,0.46,0.54,0.58,0.55,-0.15,0.85,0.52,0.0900000000000001,0.66,0.65,-3.74,0.12,0.42,-12.89,-43.15,0.78,-0.18,0.59,0.29,0.63,0.63,-0.44,0,0.29,0.69,0.78,0.22,0.67,0.1,0.11,-0.01,0.47,0.45,0.0700000000000001,-0.34,0.49,-0.09,0.57,0.66,0.7,-1.21,0.48,0.77,0.5,0.25,0.72,0.63,0.42,0.62,0.12,0.25,-3.14,0.64,0.76,0.76,0.8,0.75,-1.62,-0.0399999999999999,-0.69,-1.32,0.3,-1.17,-12.09,0.4,0,0.64,0.65,0.79,0.86,-0.3,0.64,0.44,0.44,0.0600000000000001,0.52,0.69,0.85,0.66,-0.31,-2.75,0.82,0.04,-0.63,-1.31,0.78,0.81,-0.21,-0.48,0.75,-1,0.61,0.36,0.84,0.48,-0.49,0.24,0.7,0.35,0.13,0.44,0.45,0.79,0.61,-0.36,-2.43,0.39,0.58,0.68,0.72,0.59,-9.71,-1.68,0.33,0.76,0.63,0,0.88,0.05,0.65,0.84,0.82,0.1,0.43,0.73,0.74,0.39,0.82,0.66,0.6,0.82,0.75,0.84,0.83,0.59,0.44,-2.48,0.8,0.79,0.8,0.83,0.74,0.85,0.72,0.26,0.22,-1.27,NA,0.5,0.8,0.75,0.18,0.39,0.56,0.84,-0.01,-0.69,0.8,0.57,0.05,0.64,0.79,-4.58,0.76,-1.34,0.15,-2.51,0.63,0.25,0.36,-4.58,0.83,0.25,0.46,0.25,0.26,-0.53,0.31,0.71,0.63,0.74,0.83,0.51,0.74,0.75,0.5,0.58,0.51,-1.18,0.81,0.63,0.85,0.86,0.19,-0.12,-0.33,0.01,0.36,0.79,0.58,0.89
211C,0.53,0.17,0.25,0.29,0.26,-0.44,0.56,0.23,-0.2,0.37,0.36,-4.03,-0.17,0.13,-13.18,-43.44,0.49,-0.47,0.3,0,0.34,0.34,-0.73,-0.29,0,0.4,0.49,-0.07,0.38,-0.19,-0.18,-0.3,0.18,0.16,-0.22,-0.63,0.2,-0.38,0.28,0.37,0.41,-1.5,0.19,0.48,0.21,-0.04,0.43,0.34,0.13,0.33,-0.17,-0.04,-3.43,0.35,0.47,0.47,0.51,0.46,-1.91,-0.33,-0.98,-1.61,0.01,-1.46,-12.38,0.11,-0.29,0.35,0.36,0.5,0.57,-0.59,0.35,0.15,0.15,-0.23,0.23,0.4,0.56,0.37,-0.6,-3.04,0.53,-0.25,-0.92,-1.6,0.49,0.52,-0.5,-0.77,0.46,-1.29,0.32,0.07,0.55,0.19,-0.78,-0.05,0.41,0.0600000000000001,-0.16,0.15,0.16,0.5,0.32,-0.65,-2.72,0.1,0.29,0.39,0.43,0.3,-10,-1.97,0.04,0.47,0.34,-0.29,0.59,-0.24,0.36,0.55,0.53,-0.19,0.14,0.44,0.45,0.1,0.53,0.37,0.31,0.53,0.46,0.55,0.54,0.3,0.15,-2.77,0.51,0.5,0.51,0.54,0.45,0.56,0.43,-0.03,-0.07,-1.56,NA,0.21,0.51,0.46,-0.11,0.1,0.27,0.55,-0.3,-0.98,0.51,0.28,-0.24,0.35,0.5,-4.87,0.47,-1.63,-0.14,-2.8,0.34,-0.04,0.07,-4.87,0.54,-0.04,0.17,-0.04,-0.03,-0.82,0.02,0.42,0.34,0.45,0.54,0.22,0.45,0.46,0.21,0.29,0.22,-1.47,0.52,0.34,0.56,0.57,-0.1,-0.41,-0.62,-0.28,0.07,0.5,0.29,0.6
212C,0.13,-0.23,-0.15,-0.11,-0.14,-0.84,0.16,-0.17,-0.6,-0.03,-0.04,-4.43,-0.57,-0.27,-13.58,-43.84,0.09,-0.87,-0.1,-0.4,-0.06,-0.06,-1.13,-0.69,-0.4,0,0.09,-0.47,-0.02,-0.59,-0.58,-0.7,-0.22,-0.24,-0.62,-1.03,-0.2,-0.78,-0.12,-0.03,0.01,-1.9,-0.21,0.08,-0.19,-0.44,0.03,-0.06,-0.27,-0.07,-0.57,-0.44,-3.83,-0.05,0.07,0.07,0.11,0.06,-2.31,-0.73,-1.38,-2.01,-0.39,-1.86,-12.78,-0.29,-0.69,-0.05,-0.04,0.1,0.17,-0.99,-0.05,-0.25,-0.25,-0.63,-0.17,0,0.16,-0.03,-1,-3.44,0.13,-0.65,-1.32,-2,0.09,0.12,-0.9,-1.17,0.06,-1.69,-0.08,-0.33,0.15,-0.21,-1.18,-0.45,0.01,-0.34,-0.56,-0.25,-0.24,0.1,-0.08,-1.05,-3.12,-0.3,-0.11,-0.00999999999999998,0.03,-0.1,-10.4,-2.37,-0.36,0.07,-0.06,-0.69,0.19,-0.64,-0.04,0.15,0.13,-0.59,-0.26,0.04,0.05,-0.3,0.13,-0.03,-0.09,0.13,0.06,0.15,0.14,-0.1,-0.25,-3.17,0.11,0.1,0.11,0.14,0.05,0.16,0.03,-0.43,-0.47,-1.96,NA,-0.19,0.11,0.06,-0.51,-0.3,-0.13,0.15,-0.7,-1.38,0.11,-0.12,-0.64,-0.05,0.1,-5.27,0.07,-2.03,-0.54,-3.2,-0.06,-0.44,-0.33,-5.27,0.14,-0.44,-0.23,-0.44,-0.43,-1.22,-0.38,0.02,-0.06,0.05,0.14,-0.18,0.05,0.06,-0.19,-0.11,-0.18,-1.87,0.12,-0.06,0.16,0.17,-0.5,-0.81,-1.02,-0.68,-0.33,0.1,-0.11,0.2
213C,0.04,-0.32,-0.24,-0.2,-0.23,-0.93,0.07,-0.26,-0.69,-0.12,-0.13,-4.52,-0.66,-0.36,-13.67,-43.93,0,-0.96,-0.19,-0.49,-0.15,-0.15,-1.22,-0.78,-0.49,-0.09,0,-0.56,-0.11,-0.68,-0.67,-0.79,-0.31,-0.33,-0.71,-1.12,-0.29,-0.87,-0.21,-0.12,-0.08,-1.99,-0.3,-0.00999999999999998,-0.28,-0.53,-0.06,-0.15,-0.36,-0.16,-0.66,-0.53,-3.92,-0.14,-0.02,-0.02,0.02,-0.03,-2.4,-0.82,-1.47,-2.1,-0.48,-1.95,-12.87,-0.38,-0.78,-0.14,-0.13,0.01,0.08,-1.08,-0.14,-0.34,-0.34,-0.72,-0.26,-0.09,0.07,-0.12,-1.09,-3.53,0.04,-0.74,-1.41,-2.09,0,0.03,-0.99,-1.26,-0.03,-1.78,-0.17,-0.42,0.06,-0.3,-1.27,-0.54,-0.08,-0.43,-0.65,-0.34,-0.33,0.01,-0.17,-1.14,-3.21,-0.39,-0.2,-0.1,-0.06,-0.19,-10.49,-2.46,-0.45,-0.02,-0.15,-0.78,0.1,-0.73,-0.13,0.06,0.04,-0.68,-0.35,-0.05,-0.04,-0.39,0.04,-0.12,-0.18,0.04,-0.03,0.06,0.05,-0.19,-0.34,-3.26,0.02,0.01,0.02,0.05,-0.04,0.07,-0.06,-0.52,-0.56,-2.05,NA,-0.28,0.02,-0.03,-0.6,-0.39,-0.22,0.06,-0.79,-1.47,0.02,-0.21,-0.73,-0.14,0.01,-5.36,-0.02,-2.12,-0.63,-3.29,-0.15,-0.53,-0.42,-5.36,0.05,-0.53,-0.32,-0.53,-0.52,-1.31,-0.47,-0.07,-0.15,-0.04,0.05,-0.27,-0.04,-0.03,-0.28,-0.2,-0.27,-1.96,0.03,-0.15,0.07,0.08,-0.59,-0.9,-1.11,-0.77,-0.42,0.01,-0.2,0.11
214C,0.6,0.24,0.32,0.36,0.33,-0.37,0.63,0.3,-0.13,0.44,0.43,-3.96,-0.1,0.2,-13.11,-43.37,0.56,-0.4,0.37,0.07,0.41,0.41,-0.66,-0.22,0.07,0.47,0.56,0,0.45,-0.12,-0.11,-0.23,0.25,0.23,-0.15,-0.56,0.27,-0.31,0.35,0.44,0.48,-1.43,0.26,0.55,0.28,0.0299999999999999,0.5,0.41,0.2,0.4,-0.1,0.0299999999999999,-3.36,0.42,0.54,0.54,0.58,0.53,-1.84,-0.26,-0.91,-1.54,0.08,-1.39,-12.31,0.18,-0.22,0.42,0.43,0.57,0.64,-0.52,0.42,0.22,0.22,-0.16,0.3,0.47,0.63,0.44,-0.53,-2.97,0.6,-0.18,-0.85,-1.53,0.56,0.59,-0.43,-0.7,0.53,-1.22,0.39,0.14,0.62,0.26,-0.71,0.0199999999999999,0.48,0.13,-0.0900000000000001,0.22,0.23,0.57,0.39,-0.58,-2.65,0.17,0.36,0.46,0.5,0.37,-9.93,-1.9,0.11,0.54,0.41,-0.22,0.66,-0.17,0.43,0.62,0.6,-0.12,0.21,0.51,0.52,0.17,0.6,0.44,0.38,0.6,0.53,0.62,0.61,0.37,0.22,-2.7,0.58,0.57,0.58,0.61,0.52,0.63,0.5,0.0399999999999999,0,-1.49,NA,0.28,0.58,0.53,-0.04,0.17,0.34,0.62,-0.23,-0.91,0.58,0.35,-0.17,0.42,0.57,-4.8,0.54,-1.56,-0.0700000000000001,-2.73,0.41,0.0299999999999999,0.14,-4.8,0.61,0.0299999999999999,0.24,0.0299999999999999,0.0399999999999999,-0.75,0.09,0.49,0.41,0.52,0.61,0.29,0.52,0.53,0.28,0.36,0.29,-1.4,0.59,0.41,0.63,0.64,-0.03,-0.34,-0.55,-0.21,0.14,0.57,0.36,0.67
215C,0.15,-0.21,-0.13,-0.09,-0.12,-0.82,0.18,-0.15,-0.58,-0.01,-0.02,-4.41,-0.55,-0.25,-13.56,-43.82,0.11,-0.85,-0.08,-0.38,-0.04,-0.04,-1.11,-0.67,-0.38,0.02,0.11,-0.45,0,-0.57,-0.56,-0.68,-0.2,-0.22,-0.6,-1.01,-0.18,-0.76,-0.1,-0.01,0.03,-1.88,-0.19,0.1,-0.17,-0.42,0.05,-0.04,-0.25,-0.05,-0.55,-0.42,-3.81,-0.03,0.09,0.09,0.13,0.08,-2.29,-0.71,-1.36,-1.99,-0.37,-1.84,-12.76,-0.27,-0.67,-0.03,-0.02,0.12,0.19,-0.97,-0.03,-0.23,-0.23,-0.61,-0.15,0.02,0.18,-0.01,-0.98,-3.42,0.15,-0.63,-1.3,-1.98,0.11,0.14,-0.88,-1.15,0.08,-1.67,-0.06,-0.31,0.17,-0.19,-1.16,-0.43,0.03,-0.32,-0.54,-0.23,-0.22,0.12,-0.06,-1.03,-3.1,-0.28,-0.09,0.01,0.05,-0.08,-10.38,-2.35,-0.34,0.09,-0.04,-0.67,0.21,-0.62,-0.02,0.17,0.15,-0.57,-0.24,0.06,0.07,-0.28,0.15,-0.01,-0.07,0.15,0.08,0.17,0.16,-0.08,-0.23,-3.15,0.13,0.12,0.13,0.16,0.07,0.18,0.05,-0.41,-0.45,-1.94,NA,-0.17,0.13,0.08,-0.49,-0.28,-0.11,0.17,-0.68,-1.36,0.13,-0.1,-0.62,-0.03,0.12,-5.25,0.09,-2.01,-0.52,-3.18,-0.04,-0.42,-0.31,-5.25,0.16,-0.42,-0.21,-0.42,-0.41,-1.2,-0.36,0.04,-0.04,0.07,0.16,-0.16,0.07,0.08,-0.17,-0.09,-0.16,-1.85,0.14,-0.04,0.18,0.19,-0.48,-0.79,-1,-0.66,-0.31,0.12,-0.09,0.22
216C,0.72,0.36,0.44,0.48,0.45,-0.25,0.75,0.42,-0.01,0.56,0.55,-3.84,0.0199999999999999,0.32,-12.99,-43.25,0.68,-0.28,0.49,0.19,0.53,0.53,-0.54,-0.1,0.19,0.59,0.68,0.12,0.57,0,0.0099999999999999,-0.11,0.37,0.35,-0.03,-0.44,0.39,-0.19,0.47,0.56,0.6,-1.31,0.38,0.67,0.4,0.15,0.62,0.53,0.32,0.52,0.0199999999999999,0.15,-3.24,0.54,0.66,0.66,0.7,0.65,-1.72,-0.14,-0.79,-1.42,0.2,-1.27,-12.19,0.3,-0.1,0.54,0.55,0.69,0.76,-0.4,0.54,0.34,0.34,-0.04,0.42,0.59,0.75,0.56,-0.41,-2.85,0.72,-0.0600000000000001,-0.73,-1.41,0.68,0.71,-0.31,-0.58,0.65,-1.1,0.51,0.26,0.74,0.38,-0.59,0.14,0.6,0.25,0.0299999999999999,0.34,0.35,0.69,0.51,-0.46,-2.53,0.29,0.48,0.58,0.62,0.49,-9.81,-1.78,0.23,0.66,0.53,-0.1,0.78,-0.05,0.55,0.74,0.72,0,0.33,0.63,0.64,0.29,0.72,0.56,0.5,0.72,0.65,0.74,0.73,0.49,0.34,-2.58,0.7,0.69,0.7,0.73,0.64,0.75,0.62,0.16,0.12,-1.37,NA,0.4,0.7,0.65,0.08,0.29,0.46,0.74,-0.11,-0.79,0.7,0.47,-0.05,0.54,0.69,-4.68,0.66,-1.44,0.0499999999999999,-2.61,0.53,0.15,0.26,-4.68,0.73,0.15,0.36,0.15,0.16,-0.63,0.21,0.61,0.53,0.64,0.73,0.41,0.64,0.65,0.4,0.48,0.41,-1.28,0.71,0.53,0.75,0.76,0.09,-0.22,-0.43,-0.0900000000000001,0.26,0.69,0.48,0.79
217C,0.71,0.35,0.43,0.47,0.44,-0.26,0.74,0.41,-0.0199999999999999,0.55,0.54,-3.85,0.01,0.31,-13,-43.26,0.67,-0.29,0.48,0.18,0.52,0.52,-0.55,-0.11,0.18,0.58,0.67,0.11,0.56,-0.0099999999999999,0,-0.12,0.36,0.34,-0.0399999999999999,-0.45,0.38,-0.2,0.46,0.55,0.59,-1.32,0.37,0.66,0.39,0.14,0.61,0.52,0.31,0.51,0.01,0.14,-3.25,0.53,0.65,0.65,0.69,0.64,-1.73,-0.15,-0.8,-1.43,0.19,-1.28,-12.2,0.29,-0.11,0.53,0.54,0.68,0.75,-0.41,0.53,0.33,0.33,-0.0499999999999999,0.41,0.58,0.74,0.55,-0.42,-2.86,0.71,-0.07,-0.74,-1.42,0.67,0.7,-0.32,-0.59,0.64,-1.11,0.5,0.25,0.73,0.37,-0.6,0.13,0.59,0.24,0.02,0.33,0.34,0.68,0.5,-0.47,-2.54,0.28,0.47,0.57,0.61,0.48,-9.82,-1.79,0.22,0.65,0.52,-0.11,0.77,-0.0599999999999999,0.54,0.73,0.71,-0.0099999999999999,0.32,0.62,0.63,0.28,0.71,0.55,0.49,0.71,0.64,0.73,0.72,0.48,0.33,-2.59,0.69,0.68,0.69,0.72,0.63,0.74,0.61,0.15,0.11,-1.38,NA,0.39,0.69,0.64,0.0700000000000001,0.28,0.45,0.73,-0.12,-0.8,0.69,0.46,-0.0599999999999999,0.53,0.68,-4.69,0.65,-1.45,0.04,-2.62,0.52,0.14,0.25,-4.69,0.72,0.14,0.35,0.14,0.15,-0.64,0.2,0.6,0.52,0.63,0.72,0.4,0.63,0.64,0.39,0.47,0.4,-1.29,0.7,0.52,0.74,0.75,0.0800000000000001,-0.23,-0.44,-0.1,0.25,0.68,0.47,0.78
218C,0.83,0.47,0.55,0.59,0.56,-0.14,0.86,0.53,0.1,0.67,0.66,-3.73,0.13,0.43,-12.88,-43.14,0.79,-0.17,0.6,0.3,0.64,0.64,-0.43,0.01,0.3,0.7,0.79,0.23,0.68,0.11,0.12,0,0.48,0.46,0.0800000000000001,-0.33,0.5,-0.08,0.58,0.67,0.71,-1.2,0.49,0.78,0.51,0.26,0.73,0.64,0.43,0.63,0.13,0.26,-3.13,0.65,0.77,0.77,0.81,0.76,-1.61,-0.0299999999999999,-0.68,-1.31,0.31,-1.16,-12.08,0.41,0.01,0.65,0.66,0.8,0.87,-0.29,0.65,0.45,0.45,0.0700000000000001,0.53,0.7,0.86,0.67,-0.3,-2.74,0.83,0.05,-0.62,-1.3,0.79,0.82,-0.2,-0.47,0.76,-0.99,0.62,0.37,0.85,0.49,-0.48,0.25,0.71,0.36,0.14,0.45,0.46,0.8,0.62,-0.35,-2.42,0.4,0.59,0.69,0.73,0.6,-9.7,-1.67,0.34,0.77,0.64,0.01,0.89,0.0600000000000001,0.66,0.85,0.83,0.11,0.44,0.74,0.75,0.4,0.83,0.67,0.61,0.83,0.76,0.85,0.84,0.6,0.45,-2.47,0.81,0.8,0.81,0.84,0.75,0.86,0.73,0.27,0.23,-1.26,NA,0.51,0.81,0.76,0.19,0.4,0.57,0.85,0,-0.68,0.81,0.58,0.0600000000000001,0.65,0.8,-4.57,0.77,-1.33,0.16,-2.5,0.64,0.26,0.37,-4.57,0.84,0.26,0.47,0.26,0.27,-0.52,0.32,0.72,0.64,0.75,0.84,0.52,0.75,0.76,0.51,0.59,0.52,-1.17,0.82,0.64,0.86,0.87,0.2,-0.11,-0.32,0.02,0.37,0.8,0.59,0.9
219C,0.35,-0.01,0.07,0.11,0.08,-0.62,0.38,0.05,-0.38,0.19,0.18,-4.21,-0.35,-0.05,-13.36,-43.62,0.31,-0.65,0.12,-0.18,0.16,0.16,-0.91,-0.47,-0.18,0.22,0.31,-0.25,0.2,-0.37,-0.36,-0.48,0,-0.02,-0.4,-0.81,0.02,-0.56,0.1,0.19,0.23,-1.68,0.01,0.3,0.03,-0.22,0.25,0.16,-0.05,0.15,-0.35,-0.22,-3.61,0.17,0.29,0.29,0.33,0.28,-2.09,-0.51,-1.16,-1.79,-0.17,-1.64,-12.56,-0.07,-0.47,0.17,0.18,0.32,0.39,-0.77,0.17,-0.03,-0.03,-0.41,0.05,0.22,0.38,0.19,-0.78,-3.22,0.35,-0.43,-1.1,-1.78,0.31,0.34,-0.68,-0.95,0.28,-1.47,0.14,-0.11,0.37,0.01,-0.96,-0.23,0.23,-0.12,-0.34,-0.03,-0.02,0.32,0.14,-0.83,-2.9,-0.08,0.11,0.21,0.25,0.12,-10.18,-2.15,-0.14,0.29,0.16,-0.47,0.41,-0.42,0.18,0.37,0.35,-0.37,-0.04,0.26,0.27,-0.08,0.35,0.19,0.13,0.35,0.28,0.37,0.36,0.12,-0.03,-2.95,0.33,0.32,0.33,0.36,0.27,0.38,0.25,-0.21,-0.25,-1.74,NA,0.03,0.33,0.28,-0.29,-0.08,0.09,0.37,-0.48,-1.16,0.33,0.1,-0.42,0.17,0.32,-5.05,0.29,-1.81,-0.32,-2.98,0.16,-0.22,-0.11,-5.05,0.36,-0.22,-0.01,-0.22,-0.21,-1,-0.16,0.24,0.16,0.27,0.36,0.04,0.27,0.28,0.03,0.11,0.04,-1.65,0.34,0.16,0.38,0.39,-0.28,-0.59,-0.8,-0.46,-0.11,0.32,0.11,0.42
21C,0.37,0.00999999999999995,0.09,0.13,0.1,-0.6,0.4,0.07,-0.36,0.21,0.2,-4.19,-0.33,-0.03,-13.34,-43.6,0.33,-0.63,0.14,-0.16,0.18,0.18,-0.89,-0.45,-0.16,0.24,0.33,-0.23,0.22,-0.35,-0.34,-0.46,0.02,0,-0.38,-0.79,0.04,-0.54,0.12,0.21,0.25,-1.66,0.03,0.32,0.05,-0.2,0.27,0.18,-0.03,0.17,-0.33,-0.2,-3.59,0.19,0.31,0.31,0.35,0.3,-2.07,-0.49,-1.14,-1.77,-0.15,-1.62,-12.54,-0.05,-0.45,0.19,0.2,0.34,0.41,-0.75,0.19,-0.01,-0.01,-0.39,0.07,0.24,0.4,0.21,-0.76,-3.2,0.37,-0.41,-1.08,-1.76,0.33,0.36,-0.66,-0.93,0.3,-1.45,0.16,-0.0900000000000001,0.39,0.03,-0.94,-0.21,0.25,-0.1,-0.32,-0.01,0,0.34,0.16,-0.81,-2.88,-0.0600000000000001,0.13,0.23,0.27,0.14,-10.16,-2.13,-0.12,0.31,0.18,-0.45,0.43,-0.4,0.2,0.39,0.37,-0.35,-0.02,0.28,0.29,-0.0600000000000001,0.37,0.21,0.15,0.37,0.3,0.39,0.38,0.14,-0.01,-2.93,0.35,0.34,0.35,0.38,0.29,0.4,0.27,-0.19,-0.23,-1.72,NA,0.05,0.35,0.3,-0.27,-0.0600000000000001,0.11,0.39,-0.46,-1.14,0.35,0.12,-0.4,0.19,0.34,-5.03,0.31,-1.79,-0.3,-2.96,0.18,-0.2,-0.0900000000000001,-5.03,0.38,-0.2,0.00999999999999995,-0.2,-0.19,-0.98,-0.14,0.26,0.18,0.29,0.38,0.06,0.29,0.3,0.05,0.13,0.06,-1.63,0.36,0.18,0.4,0.41,-0.26,-0.57,-0.78,-0.44,-0.0900000000000001,0.34,0.13,0.44
